The system isn't diagonally dominant: The method cannot guarantee convergence.

5.0 -2.0 3.0 -1.0 
-3.0 9.0 1.0 2.0 
2.0 -1.0 -7.0 3.0 
X_0 = {-0.2 0.15555555555555553 -0.5079365079365079 }
X_1 = {0.16698412698412698 0.334320987654321 -0.42862181909800956 }
X_2 = {0.19090148652053415 0.33348069762884575 -0.4216682463696825 }
X_3 = {0.1863932268733478 0.3312053252210806 -0.4226312673534835 }
X_4 = {0.18606089050052232 0.33120154876167224 -0.42272568110866104 }
X_5 = {0.18611602816986553 0.33123041840202866 -0.4227140517231854 }
X_6 = {0.18612059839472272 0.33123064965637256 -0.4227127789809895 }
X_7 = {0.18611992725114276 0.33123028452604647 -0.42271291857482296 }
X_8 = {0.18611986495531235 0.3312302792711956 -0.42271293562293866 }
X_9 = {0.18611987308224143 0.331230283874407 -0.42271293395856063 }
X_10 = {0.18611987392489918 0.331230283970362 -0.42271293373150903 }
X_11 = {0.18611987382705025 0.33123028391251774 -0.42271293375120245 }
X_12 = {0.1861198738157286 0.33123028391093196 -0.42271293375421065 }
X_13 = {0.1861198738168992 0.33123028391165643 -0.4227129337539797 }
X_14 = {0.18611987381705042 0.3312302839116812 -0.42271293375394003 }
X_15 = {0.18611987381703649 0.33123028391167214 -0.4227129337539427 }
X_16 = {0.18611987381703446 0.33123028391167175 -0.42271293375394325 }
X_17 = {0.18611987381703465 0.3312302839116719 -0.42271293375394325 }
