The system isn't diagonally dominant: The method cannot guarantee convergence.

5.0 -2.0 3.0 -1.0 
-3.0 9.0 1.0 2.0 
2.0 -1.0 -7.0 3.0 
X_0 = {-0.2 0.2222222222222222 -0.42857142857142855 }
X_1 = {-0.2 0.2222222222222222 -0.42857142857142855 }
X_2 = {0.146031746031746 0.20317460317460315 -0.5174603174603174 }
X_3 = {0.1917460317460317 0.328395061728395 -0.4158730158730159 }
X_4 = {0.18088183421516754 0.33234567901234563 -0.42070042831947585 }
X_5 = {0.18535852859662375 0.3292606589961087 -0.4243688586545729 }
X_6 = {0.18632557879118725 0.33116049382716045 -0.4226490859718373 }
X_7 = {0.1860536491139666 0.3312917580383777 -0.42264419089211225 }
X_8 = {0.18610321775061842 0.33120057091489025 -0.42274063711577775 }
X_9 = {0.18612461063542274 0.33122781004084806 -0.4227134479162362 }
X_10 = {0.18611919276608097 0.33123191998027823 -0.4227112269671432 }
X_11 = {0.18611950417239723 0.3312298672517096 -0.4227133620640166 }
X_12 = {0.18611996413909382 0.3312302082868009 -0.422712979843845 }
X_13 = {0.18611987122102736 0.3312303191401252 -0.42271289714408755 }
X_14 = {0.1861198659425026 0.3312302789785744 -0.4227129395282957 }
X_15 = {0.18611987530840715 0.3312302819284226 -0.4227129352990813 }
X_16 = {0.18611987395081786 0.33123028458047804 -0.4227129330445154 }
X_17 = {0.18611987365890048 0.3312302838774409 -0.4227129338112632 }
X_18 = {0.1861198738377343 0.3312302838653294 -0.42271293379423425 }
X_19 = {0.18611987382267234 0.33123028392304854 -0.4227129337414086 }
X_20 = {0.18611987381406458 0.33123028391215836 -0.4227129337539577 }
X_21 = {0.18611987381723796 0.3312302839106835 -0.4227129337548613 }
X_22 = {0.1861198738171902 0.33123028391184167 -0.4227129337537439 }
X_23 = {0.18611987381698303 0.33123028391170156 -0.422712933753923 }
X_24 = {0.18611987381703443 0.33123028391165243 -0.4227129337539622 }
X_25 = {0.18611987381703832 0.3312302839116739 -0.4227129337539405 }
X_26 = {0.18611987381703385 0.3312302839116728 -0.4227129337539424 }
X_27 = {0.1861198738170346 0.33123028391167153 -0.4227129337539436 }
X_28 = {0.18611987381703476 0.3312302839116719 -0.42271293375394314 }
